lat,lon,brightness,scanpixel_,trackpixel,detection_,radiative_,sat,acqdate,acqtime,orbitno,sensor,state,district,village_na,coverage_f,id,cropmask,mailsent,mailsent_t,geometry
27.761,78.274,328.9,1.9,1.3,73.0,27.1,mod,2024-05-11,13:39:39,017134,A,UP,,,,3527504,,1,2024-05-11,POINT (78.27400207519531 27.76099967956543)
29.269,78.049,324.6,1.8,1.3,67.0,23.4,mod,2024-05-11,13:39:39,017134,A,UP,,,,3527511,,1,2024-05-11,POINT (78.04900360107422 29.26899909973145)
25.132,76.226,326.3,2.5,1.5,59.0,29.5,mod,2024-05-11,10:59:49,029777,T,RJ,,,,3527435,,1,2024-05-11,POINT (76.22599792480469 25.13199996948242)
26.262,80.623,305.4,1.3,1.1,64.0,7.3,mod,2024-05-11,02:47:38,017127,A,UP,,,,3527111,,1,2024-05-11,POINT (80.62300109863281 26.26199913024902)
25.373,73.079,330.6,1.5,1.2,66.0,15.4,mod,2024-05-11,10:59:49,029777,T,RJ,,,,3527437,,1,2024-05-11,POINT (73.07900238037109 25.37299919128418)
25.368,73.084,330.6,1.5,1.2,64.0,15.1,mod,2024-05-11,10:59:49,029777,T,RJ,,,,3527436,,1,2024-05-11,POINT (73.08399963378906 25.36800003051758)
27.756,78.28,327.4,1.9,1.3,71.0,22.0,mod,2024-05-11,13:39:39,017134,A,UP,,,,3527503,,1,2024-05-11,POINT (78.27999877929688 27.75600051879883)
29.311,78.031,323.3,1.8,1.3,62.0,21.6,mod,2024-05-11,13:39:39,017134,A,UP,,,,3527512,,1,2024-05-11,POINT (78.03099822998047 29.31100082397461)
26.652,84.052,327.3,1.0,1.0,70.0,9.6,mod,2024-05-11,13:39:39,017134,A,UP,,,,3527500,,1,2024-05-11,POINT (84.052001953125 26.65200042724609)
29.106,78.045,324.8,1.9,1.3,66.0,21.7,mod,2024-05-11,13:39:39,017134,A,UP,,,,3527506,,1,2024-05-11,POINT (78.04499816894531 29.10600090026855)
25.615,79.64,331.4,1.7,1.3,67.0,20.4,mod,2024-05-11,13:39:39,017134,A,UP,,,,3527497,,1,2024-05-11,POINT (79.63999938964844 25.61499977111816)
26.402,83.803,322.0,1.0,1.0,22.0,5.0,mod,2024-05-11,13:39:39,017134,A,UP,,,,3527498,,1,2024-05-11,POINT (83.80300140380859 26.40200042724609)
29.106,78.898,321.7,1.6,1.3,62.0,13.9,mod,2024-05-11,13:39:39,017134,A,UP,,,,3527505,,1,2024-05-11,POINT (78.89800262451172 29.10600090026855)
29.517,77.947,324.6,1.8,1.3,69.0,21.0,mod,2024-05-11,13:39:39,017134,A,UP,,,,3527513,,1,2024-05-11,POINT (77.94699859619141 29.51700019836426)
29.103,78.026,323.1,1.9,1.3,60.0,17.6,mod,2024-05-11,13:39:39,017134,A,UP,,,,3527507,,1,2024-05-11,POINT (78.0260009765625 29.10300064086914)
29.113,78.036,328.6,1.9,1.3,74.0,31.2,mod,2024-05-11,13:39:39,017134,A,UP,,,,3527508,,1,2024-05-11,POINT (78.03600311279297 29.11300086975098)
26.648,80.014,327.0,1.5,1.2,69.0,18.2,mod,2024-05-11,13:39:39,017134,A,UP,,,,3527502,,1,2024-05-11,POINT (80.01399993896484 26.64800071716309)
30.259,76.601,324.5,2.0,1.4,28.0,19.1,mod,2024-05-11,10:59:49,029777,T,HR,,,,3527416,1.0,1,2024-05-11,POINT (76.60099792480469 30.25900077819824)
28.943,76.679,330.6,2.3,1.5,74.0,37.0,mod,2024-05-11,13:39:39,017134,A,HR,,,,3527510,1.0,1,2024-05-11,POINT (76.67900085449219 28.94300079345703)
29.968,76.208,330.2,2.4,1.5,76.0,32.1,mod,2024-05-11,13:39:39,017134,A,PB,,,,3527514,1.0,1,2024-05-11,POINT (76.20800018310547 29.9680004119873)
30.801,75.987,328.9,2.3,1.5,76.0,28.9,mod,2024-05-11,13:39:39,017134,A,PB,,,,3527442,1.0,1,2024-05-11,POINT (75.98699951171875 30.80100059509277)
30.164,76.741,327.8,2.1,1.4,58.0,44.1,mod,2024-05-11,10:59:49,029777,T,HR,,,,3527418,1.0,1,2024-05-11,POINT (76.74099731445312 30.16399955749512)
32.008,75.131,346.9,2.5,1.5,93.0,144.7,mod,2024-05-11,13:39:39,017134,A,PB,,,,3527450,1.0,1,2024-05-11,POINT (75.13099670410156 32.00799942016602)
32.053,75.144,346.3,2.5,1.5,92.0,144.8,mod,2024-05-11,13:39:39,017134,A,PB,,,,3527452,1.0,1,2024-05-11,POINT (75.14399719238281 32.05300140380859)
32.054,75.164,341.6,2.5,1.5,89.0,108.7,mod,2024-05-11,13:39:39,017134,A,PB,,,,3527453,1.0,1,2024-05-11,POINT (75.16400146484375 32.05400085449219)
32.048,75.138,331.7,2.5,1.5,81.0,53.1,mod,2024-05-11,13:39:39,017134,A,PB,,,,3527454,1.0,1,2024-05-11,POINT (75.13800048828125 32.04800033569336)
30.239,76.833,320.5,2.1,1.4,66.0,18.9,mod,2024-05-11,10:59:49,029777,T,HR,,,,3527404,1.0,1,2024-05-11,POINT (76.83300018310547 30.23900032043457)
28.945,76.683,330.2,2.3,1.5,73.0,33.9,mod,2024-05-11,13:39:39,017134,A,HR,,,,3527509,1.0,1,2024-05-11,POINT (76.68299865722656 28.94499969482422)
32.059,75.169,337.2,2.5,1.5,86.0,84.7,mod,2024-05-11,13:39:39,017134,A,PB,,,,3527451,1.0,1,2024-05-11,POINT (75.16899871826172 32.05899810791016)
30.562,76.642,324.5,2.0,1.4,50.0,17.3,mod,2024-05-11,10:59:49,029777,T,PB,,,,3527403,1.0,1,2024-05-11,POINT (76.64199829101562 30.5620002746582)
30.26,76.731,328.0,2.1,1.4,66.0,24.8,mod,2024-05-11,13:39:39,017134,A,HR,,,,3527516,1.0,1,2024-05-11,POINT (76.73100280761719 30.26000022888184)
30.797,75.963,330.7,2.3,1.5,78.0,35.6,mod,2024-05-11,13:39:39,017134,A,PB,,,,3527449,1.0,1,2024-05-11,POINT (75.96299743652344 30.79700088500977)
30.264,76.679,340.2,2.2,1.4,86.0,73.2,mod,2024-05-11,13:39:39,017134,A,HR,,,,3527518,1.0,1,2024-05-11,POINT (76.67900085449219 30.26399993896484)
30.261,76.726,328.2,2.1,1.4,64.0,25.0,mod,2024-05-11,13:39:39,017134,A,HR,,,,3527517,1.0,1,2024-05-11,POINT (76.72599792480469 30.26099967956543)
30.167,76.748,328.2,2.1,1.4,74.0,44.8,mod,2024-05-11,10:59:49,029777,T,HR,,,,3527417,1.0,1,2024-05-11,POINT (76.74800109863281 30.16699981689453)
30.157,76.737,327.9,2.1,1.4,69.0,35.4,mod,2024-05-11,13:39:39,017134,A,HR,,,,3527515,1.0,1,2024-05-11,POINT (76.73699951171875 30.1569995880127)
30.339,76.652,327.3,2.2,1.4,66.0,19.2,mod,2024-05-11,13:39:39,017134,A,PB,,,,3527441,1.0,1,2024-05-11,POINT (76.65200042724609 30.3390007019043)
30.325,76.594,331.4,2.2,1.4,76.0,33.9,mod,2024-05-11,13:39:39,017134,A,PB,,,,3527440,1.0,1,2024-05-11,POINT (76.59400177001953 30.32500076293945)
26.39874,83.14262,335.0,0.5,0.4,8.0,6.8,npp,2024-05-11,13:16:59,064963,VF375,UP,,,,3528090,,1,2024-05-11,POINT (83.14261627197266 26.39874076843262)
25.84122,84.51212,337.5,0.5,0.4,8.0,5.4,npp,2024-05-11,13:16:59,064963,VF375,UP,,,,3528045,,1,2024-05-11,POINT (84.51212310791016 25.84122085571289)
27.00052,81.63116,330.6,0.4,0.4,8.0,6.4,npp,2024-05-11,13:16:59,064963,VF375,UP,,,,3528149,,1,2024-05-11,POINT (81.63115692138672 27.00052070617676)
25.14767,82.99925,340.4,0.4,0.4,8.0,6.9,npp,2024-05-11,13:16:59,064963,VF375,UP,,,,3528008,,1,2024-05-11,POINT (82.99925231933594 25.14767074584961)
25.35884,82.24632,337.9,0.4,0.4,8.0,3.8,npp,2024-05-11,13:16:59,064963,VF375,UP,,,,3528031,,1,2024-05-11,POINT (82.24632263183594 25.35884094238281)
25.79688,84.54297,338.0,0.5,0.4,8.0,2.1,npp,2024-05-11,13:16:59,064963,VF375,UP,,,,3528042,,1,2024-05-11,POINT (84.54296875 25.7968807220459)
25.90233,84.28712,335.6,0.5,0.4,8.0,3.2,npp,2024-05-11,13:16:59,064963,VF375,UP,,,,3528047,,1,2024-05-11,POINT (84.28711700439453 25.90233039855957)
25.52764,81.18414,342.1,0.4,0.4,8.0,3.0,npp,2024-05-11,13:16:59,064963,VF375,UP,,,,3528049,,1,2024-05-11,POINT (81.18414306640625 25.52763938903809)
25.81223,82.97422,340.1,0.4,0.4,8.0,6.0,npp,2024-05-11,13:16:59,064963,VF375,UP,,,,3528051,,1,2024-05-11,POINT (82.97422027587891 25.81222915649414)
25.26942,76.08527,350.9,0.5,0.4,7.0,17.1,npp,2024-05-11,13:16:59,064963,VF375,RJ,,,,3528087,,1,2024-05-11,POINT (76.08527374267578 25.2694206237793)
25.00342,73.81294,338.8,0.4,0.5,7.0,3.3,npp,2024-05-11,13:16:59,064963,VF375,RJ,,,,3528104,,1,2024-05-11,POINT (73.81294250488281 25.00341987609863)
26.2633,80.62078,345.1,0.4,0.4,8.0,4.1,npp,2024-05-11,13:16:59,064963,VF375,UP,,,,3528115,,1,2024-05-11,POINT (80.62078094482422 26.2632999420166)
26.27109,80.62737,334.2,0.4,0.4,8.0,2.8,npp,2024-05-11,13:16:59,064963,VF375,UP,,,,3528117,,1,2024-05-11,POINT (80.62737274169922 26.27108955383301)
26.35145,80.56911,347.7,0.4,0.4,8.0,6.9,npp,2024-05-11,13:16:59,064963,VF375,UP,,,,3528121,,1,2024-05-11,POINT (80.56910705566406 26.35144996643066)
25.28715,73.14452,340.1,0.5,0.5,7.0,4.1,npp,2024-05-11,13:16:59,064963,VF375,RJ,,,,3528133,,1,2024-05-11,POINT (73.14452362060547 25.28714942932129)
25.25989,73.02891,345.6,0.5,0.5,8.0,6.9,npp,2024-05-11,13:16:59,064963,VF375,RJ,,,,3528135,,1,2024-05-11,POINT (73.02890777587891 25.25988960266113)
26.99995,81.627,336.6,0.4,0.4,8.0,6.4,npp,2024-05-11,13:16:59,064963,VF375,UP,,,,3528150,,1,2024-05-11,POINT (81.62699890136719 26.99995040893555)
25.80308,74.09785,336.6,0.4,0.5,7.0,3.2,npp,2024-05-11,13:16:59,064963,VF375,RJ,,,,3528153,,1,2024-05-11,POINT (74.09784698486328 25.80307960510254)
29.68382,78.40183,330.9,0.4,0.4,7.0,1.5,npp,2024-05-11,13:16:59,064963,VF375,UP,,,,3528172,,1,2024-05-11,POINT (78.40183258056641 29.6838207244873)
30.85256,75.81727,340.0,0.4,0.4,8.0,4.5,npp,2024-05-11,13:16:59,064963,VF375,PB,,,,3528226,,1,2024-05-11,POINT (75.81726837158203 30.85256004333496)
23.87245,74.11874,340.0,0.4,0.5,7.0,7.2,npp,2024-05-11,13:16:59,064963,VF375,RJ,,,,3528023,,1,2024-05-11,POINT (74.11873626708984 23.87244987487793)
25.06697,76.21322,345.2,0.5,0.4,7.0,11.5,npp,2024-05-11,13:16:59,064963,VF375,RJ,,,,3528069,,1,2024-05-11,POINT (76.21321868896484 25.06697082519531)
25.85009,80.75307,339.7,0.4,0.4,8.0,4.1,npp,2024-05-11,13:16:59,064963,VF375,UP,,,,3528070,,1,2024-05-11,POINT (80.75306701660156 25.85009002685547)
26.46693,83.47926,343.3,0.5,0.4,8.0,7.3,npp,2024-05-11,13:16:59,064963,VF375,UP,,,,3528095,,1,2024-05-11,POINT (83.47926330566406 26.4669303894043)
26.47129,83.45404,338.4,0.5,0.4,8.0,9.0,npp,2024-05-11,13:16:59,064963,VF375,UP,,,,3528096,,1,2024-05-11,POINT (83.45404052734375 26.47129058837891)
26.49797,81.19772,337.1,0.4,0.4,8.0,2.8,npp,2024-05-11,13:16:59,064963,VF375,UP,,,,3528124,,1,2024-05-11,POINT (81.19772338867188 26.49797058105469)
26.58667,81.40565,335.9,0.4,0.4,8.0,1.5,npp,2024-05-11,13:16:59,064963,VF375,UP,,,,3528128,,1,2024-05-11,POINT (81.40564727783203 26.586669921875)
25.28625,73.13998,343.6,0.5,0.5,8.0,4.1,npp,2024-05-11,13:16:59,064963,VF375,RJ,,,,3528134,,1,2024-05-11,POINT (73.13997650146484 25.2862491607666)
26.95506,83.14624,337.1,0.5,0.4,8.0,5.5,npp,2024-05-11,13:16:59,064963,VF375,UP,,,,3528140,,1,2024-05-11,POINT (83.146240234375 26.95505905151367)
27.08043,83.69865,339.1,0.5,0.4,8.0,5.9,npp,2024-05-11,13:16:59,064963,VF375,UP,,,,3528144,,1,2024-05-11,POINT (83.69864654541016 27.08042907714844)
26.97952,82.24674,333.5,0.4,0.4,8.0,2.9,npp,2024-05-11,13:16:59,064963,VF375,UP,,,,3528146,,1,2024-05-11,POINT (82.24674224853516 26.97952079772949)
27.66108,75.76344,342.4,0.5,0.4,8.0,5.5,npp,2024-05-11,13:16:59,064963,VF375,RJ,,,,3528163,,1,2024-05-11,POINT (75.76344299316406 27.66107940673828)
25.76308,82.2559,343.0,0.4,0.4,8.0,7.3,npp,2024-05-11,13:16:59,064963,VF375,UP,,,,3528055,,1,2024-05-11,POINT (82.25589752197266 25.76308059692383)
25.02169,74.08958,350.1,0.4,0.5,8.0,12.9,npp,2024-05-11,13:16:59,064963,VF375,RJ,,,,3528101,,1,2024-05-11,POINT (74.08957672119141 25.02169036865234)
25.19495,81.66505,336.8,0.4,0.4,8.0,2.7,npp,2024-05-11,13:16:59,064963,VF375,UP,,,,3528028,,1,2024-05-11,POINT (81.66504669189453 25.19495010375977)
30.05351,77.33134,348.0,0.4,0.4,8.0,10.3,npp,2024-05-11,13:16:59,064963,VF375,UP,,,,3528174,,1,2024-05-11,POINT (77.33133697509766 30.05351066589355)
26.38323,81.59756,342.8,0.4,0.4,8.0,5.1,npp,2024-05-11,13:16:59,064963,VF375,UP,,,,3528113,,1,2024-05-11,POINT (81.59755706787109 26.38323020935059)
25.06218,81.63835,340.0,0.4,0.4,8.0,3.9,npp,2024-05-11,13:16:59,064963,VF375,UP,,,,3528016,,1,2024-05-11,POINT (81.63835144042969 25.06217956542969)
27.30451,80.39159,337.0,0.4,0.4,8.0,1.4,npp,2024-05-11,13:16:59,064963,VF375,UP,,,,3528160,,1,2024-05-11,POINT (80.39158630371094 27.30451011657715)
26.18777,83.11604,336.3,0.5,0.4,8.0,2.8,npp,2024-05-11,13:16:59,064963,VF375,UP,,,,3528077,,1,2024-05-11,POINT (83.11604309082031 26.18777084350586)
27.42779,81.09392,337.4,0.4,0.4,8.0,3.1,npp,2024-05-11,13:16:59,064963,VF375,UP,,,,3528162,,1,2024-05-11,POINT (81.09391784667969 27.42778968811035)
26.26386,80.62467,336.8,0.4,0.4,8.0,4.1,npp,2024-05-11,13:16:59,064963,VF375,UP,,,,3528114,,1,2024-05-11,POINT (80.62467193603516 26.26386070251465)
27.00395,81.63058,340.8,0.4,0.4,8.0,6.4,npp,2024-05-11,13:16:59,064963,VF375,UP,,,,3528151,,1,2024-05-11,POINT (81.63057708740234 27.00395011901855)
24.70986,83.33369,349.9,0.5,0.4,8.0,11.4,npp,2024-05-11,13:16:59,064963,VF375,UP,,,,3527946,,1,2024-05-11,POINT (83.33368682861328 24.70985984802246)
25.02793,82.03873,335.3,0.4,0.4,7.0,3.9,npp,2024-05-11,13:16:59,064963,VF375,UP,,,,3528010,,1,2024-05-11,POINT (82.03872680664062 25.02792930603027)
24.09475,74.52838,338.7,0.4,0.5,7.0,3.9,npp,2024-05-11,13:16:59,064963,VF375,RJ,,,,3528030,,1,2024-05-11,POINT (74.52838134765625 24.09474945068359)
25.87261,80.62592,341.7,0.4,0.4,8.0,4.8,npp,2024-05-11,13:16:59,064963,VF375,UP,,,,3528078,,1,2024-05-11,POINT (80.62592315673828 25.87261009216309)
26.34204,83.31193,335.9,0.5,0.4,8.0,6.6,npp,2024-05-11,13:16:59,064963,VF375,UP,,,,3528084,,1,2024-05-11,POINT (83.31192779541016 26.34203910827637)
26.37983,81.59814,339.6,0.4,0.4,8.0,4.9,npp,2024-05-11,13:16:59,064963,VF375,UP,,,,3528112,,1,2024-05-11,POINT (81.59813690185547 26.37982940673828)
26.35364,80.56075,336.9,0.4,0.4,8.0,2.7,npp,2024-05-11,13:16:59,064963,VF375,UP,,,,3528122,,1,2024-05-11,POINT (80.56075286865234 26.35363960266113)
25.25929,73.02663,342.9,0.5,0.5,8.0,5.8,npp,2024-05-11,13:16:59,064963,VF375,RJ,,,,3528132,,1,2024-05-11,POINT (73.02662658691406 25.25929069519043)
25.94403,73.07985,344.2,0.5,0.5,7.0,13.8,npp,2024-05-11,13:16:59,064963,VF375,RJ,,,,3528159,,1,2024-05-11,POINT (73.07984924316406 25.94403076171875)
25.20736,81.75314,333.3,0.4,0.4,7.0,3.6,npp,2024-05-11,13:16:59,064963,VF375,UP,,,,3528026,,1,2024-05-11,POINT (81.75314331054688 25.20735931396484)
25.6107,83.85205,331.7,0.5,0.4,8.0,4.0,npp,2024-05-11,13:16:59,064963,VF375,UP,,,,3528035,,1,2024-05-11,POINT (83.85205078125 25.6107006072998)
25.52565,82.76488,337.4,0.4,0.4,8.0,5.6,npp,2024-05-11,13:16:59,064963,VF375,UP,,,,3528040,,1,2024-05-11,POINT (82.76487731933594 25.52565002441406)
25.8158,82.97366,340.1,0.4,0.4,8.0,7.3,npp,2024-05-11,13:16:59,064963,VF375,UP,,,,3528052,,1,2024-05-11,POINT (82.97366333007812 25.81579971313477)
25.86873,82.08157,340.7,0.4,0.4,8.0,4.2,npp,2024-05-11,13:16:59,064963,VF375,UP,,,,3528063,,1,2024-05-11,POINT (82.08157348632812 25.86873054504395)
25.25142,76.06947,344.2,0.5,0.4,7.0,16.3,npp,2024-05-11,13:16:59,064963,VF375,RJ,,,,3528086,,1,2024-05-11,POINT (76.06947326660156 25.25141906738281)
26.33648,81.73981,343.9,0.4,0.4,8.0,2.5,npp,2024-05-11,13:16:59,064963,VF375,UP,,,,3528105,,1,2024-05-11,POINT (81.73980712890625 26.33647918701172)
26.77109,82.95702,343.0,0.5,0.4,8.0,6.6,npp,2024-05-11,13:16:59,064963,VF375,UP,,,,3528127,,1,2024-05-11,POINT (82.95702362060547 26.77108955383301)
25.36433,73.07549,347.7,0.5,0.5,8.0,9.2,npp,2024-05-11,13:16:59,064963,VF375,RJ,,,,3528142,,1,2024-05-11,POINT (73.07549285888672 25.36433029174805)
27.00338,81.62642,337.3,0.4,0.4,8.0,6.4,npp,2024-05-11,13:16:59,064963,VF375,UP,,,,3528152,,1,2024-05-11,POINT (81.62641906738281 27.00337982177734)
27.03822,80.85544,341.5,0.4,0.4,8.0,5.5,npp,2024-05-11,13:16:59,064963,VF375,UP,,,,3528156,,1,2024-05-11,POINT (80.85543823242188 27.0382194519043)
27.30784,80.39098,332.3,0.4,0.4,7.0,1.4,npp,2024-05-11,13:16:59,064963,VF375,UP,,,,3528161,,1,2024-05-11,POINT (80.39098358154297 27.30784034729004)
25.87218,82.08101,346.7,0.4,0.4,8.0,4.2,npp,2024-05-11,13:16:59,064963,VF375,UP,,,,3528064,,1,2024-05-11,POINT (82.08100891113281 25.8721809387207)
29.63937,74.48744,338.7,0.5,0.4,7.0,5.9,npp,2024-05-11,13:16:59,064963,VF375,RJ,,,,3528177,,1,2024-05-11,POINT (74.48744201660156 29.63936996459961)
26.55274,81.46516,338.0,0.4,0.4,8.0,3.0,npp,2024-05-11,13:16:59,064963,VF375,UP,,,,3528126,,1,2024-05-11,POINT (81.46515655517578 26.5527400970459)
26.47769,80.44279,331.1,0.4,0.4,7.0,0.7,npp,2024-05-11,13:16:59,064963,VF375,UP,,,,3528129,,1,2024-05-11,POINT (80.44278717041016 26.47768974304199)
25.01139,82.04563,339.4,0.4,0.4,8.0,7.4,npp,2024-05-11,13:16:59,064963,VF375,UP,,,,3528004,,1,2024-05-11,POINT (82.04563140869141 25.01139068603516)
26.30334,83.67854,342.4,0.5,0.4,8.0,10.1,npp,2024-05-11,13:16:59,064963,VF375,UP,,,,3528080,,1,2024-05-11,POINT (83.67854309082031 26.30334091186523)
25.75999,81.32287,339.6,0.4,0.4,8.0,2.7,npp,2024-05-11,13:16:59,064963,VF375,UP,,,,3528062,,1,2024-05-11,POINT (81.32286834716797 25.75999069213867)
25.55176,83.5677,338.5,0.5,0.4,8.0,7.4,npp,2024-05-11,13:16:59,064963,VF375,UP,,,,3528034,,1,2024-05-11,POINT (83.56770324707031 25.55175971984863)
25.84895,84.511,336.3,0.5,0.4,8.0,7.1,npp,2024-05-11,13:16:59,064963,VF375,UP,,,,3528046,,1,2024-05-11,POINT (84.51100158691406 25.84894943237305)
25.86064,80.75518,345.6,0.4,0.4,8.0,8.2,npp,2024-05-11,13:16:59,064963,VF375,UP,,,,3528076,,1,2024-05-11,POINT (80.75518035888672 25.86063957214355)
26.68548,83.18282,336.2,0.5,0.4,8.0,3.4,npp,2024-05-11,13:16:59,064963,VF375,UP,,,,3528120,,1,2024-05-11,POINT (83.18282318115234 26.68548011779785)
26.49741,81.19372,335.5,0.4,0.4,8.0,2.8,npp,2024-05-11,13:16:59,064963,VF375,UP,,,,3528125,,1,2024-05-11,POINT (81.19371795654297 26.49740982055664)
25.39025,73.04182,346.4,0.5,0.5,8.0,10.4,npp,2024-05-11,13:16:59,064963,VF375,RJ,,,,3528145,,1,2024-05-11,POINT (73.04181671142578 25.39024925231934)
25.30232,82.73151,348.5,0.4,0.4,8.0,8.4,npp,2024-05-11,13:16:59,064963,VF375,UP,,,,3528025,,1,2024-05-11,POINT (82.73150634765625 25.30232048034668)
26.46398,83.07562,339.7,0.5,0.4,8.0,6.7,npp,2024-05-11,13:16:59,064963,VF375,UP,,,,3528102,,1,2024-05-11,POINT (83.07562255859375 26.46397972106934)
24.1652,76.71459,340.7,0.5,0.4,7.0,3.5,npp,2024-05-11,13:16:59,064963,VF375,RJ,,,,3528003,,1,2024-05-11,POINT (76.71459197998047 24.16519927978516)
25.83861,82.77144,337.1,0.4,0.4,8.0,3.2,npp,2024-05-11,13:16:59,064963,VF375,UP,,,,3528056,,1,2024-05-11,POINT (82.77143859863281 25.83860969543457)
25.86572,80.81405,341.4,0.4,0.4,8.0,5.9,npp,2024-05-11,13:16:59,064963,VF375,UP,,,,3528073,,1,2024-05-11,POINT (80.81404876708984 25.86572074890137)
25.37045,73.08356,340.4,0.5,0.5,8.0,4.7,npp,2024-05-11,13:16:59,064963,VF375,RJ,,,,3528143,,1,2024-05-11,POINT (73.08355712890625 25.37044906616211)
25.10428,82.88981,339.8,0.4,0.4,8.0,6.3,npp,2024-05-11,13:16:59,064963,VF375,UP,,,,3528001,,1,2024-05-11,POINT (82.88980865478516 25.10428047180176)
25.82277,83.48392,338.5,0.5,0.4,8.0,5.4,npp,2024-05-11,13:16:59,064963,VF375,UP,,,,3528048,,1,2024-05-11,POINT (83.48391723632812 25.82276916503906)
26.2375,83.21683,338.2,0.5,0.4,8.0,5.1,npp,2024-05-11,13:16:59,064963,VF375,UP,,,,3528079,,1,2024-05-11,POINT (83.21682739257812 26.23749923706055)
25.30094,75.65309,343.7,0.5,0.4,7.0,4.1,npp,2024-05-11,13:16:59,064963,VF375,RJ,,,,3528099,,1,2024-05-11,POINT (75.65309143066406 25.30093955993652)
25.45818,76.51602,352.0,0.5,0.4,7.0,20.3,npp,2024-05-11,13:16:59,064963,VF375,RJ,,,,3528100,,1,2024-05-11,POINT (76.51602172851562 25.45817947387695)
25.45552,75.86583,350.9,0.5,0.4,7.0,13.5,npp,2024-05-11,13:16:59,064963,VF375,RJ,,,,3528109,,1,2024-05-11,POINT (75.86582946777344 25.45552062988281)
26.44204,81.79883,338.2,0.4,0.4,8.0,3.1,npp,2024-05-11,13:16:59,064963,VF375,UP,,,,3528118,,1,2024-05-11,POINT (81.798828125 26.44203948974609)
26.92349,83.72974,345.4,0.5,0.4,8.0,7.8,npp,2024-05-11,13:16:59,064963,VF375,UP,,,,3528130,,1,2024-05-11,POINT (83.729736328125 26.92349052429199)
26.90102,83.21522,345.0,0.5,0.4,8.0,7.4,npp,2024-05-11,13:16:59,064963,VF375,UP,,,,3528131,,1,2024-05-11,POINT (83.21521759033203 26.90102005004883)
25.2876,73.14192,344.9,0.5,0.5,8.0,8.6,npp,2024-05-11,13:16:59,064963,VF375,RJ,,,,3528136,,1,2024-05-11,POINT (73.14192199707031 25.28759956359863)
27.25256,83.85403,331.4,0.5,0.4,8.0,4.0,npp,2024-05-11,13:16:59,064963,VF375,UP,,,,3528148,,1,2024-05-11,POINT (83.85402679443359 27.25255966186523)
26.99489,70.80554,340.8,0.6,0.5,8.0,12.0,npp,2024-05-11,13:16:59,064963,VF375,RJ,,,,3528164,,1,2024-05-11,POINT (70.8055419921875 26.9948902130127)
26.99749,70.80256,344.0,0.6,0.5,8.0,10.9,npp,2024-05-11,13:16:59,064963,VF375,RJ,,,,3528165,,1,2024-05-11,POINT (70.80255889892578 26.99748992919922)
24.8658,78.17457,341.9,0.4,0.4,7.0,4.9,npp,2024-05-11,13:16:59,064963,VF375,UP,,,,3528041,,1,2024-05-11,POINT (78.17456817626953 24.86580085754395)
26.46385,83.48463,339.0,0.5,0.4,8.0,4.4,npp,2024-05-11,13:16:59,064963,VF375,UP,,,,3528094,,1,2024-05-11,POINT (83.48462677001953 26.4638500213623)
25.31975,73.16728,356.9,0.5,0.5,8.0,17.9,npp,2024-05-11,13:16:59,064963,VF375,RJ,,,,3528139,,1,2024-05-11,POINT (73.16728210449219 25.31974983215332)
27.09046,80.99865,336.2,0.4,0.4,8.0,2.4,npp,2024-05-11,13:16:59,064963,VF375,UP,,,,3528157,,1,2024-05-11,POINT (80.99864959716797 27.0904598236084)
25.79795,84.54545,338.1,0.5,0.4,8.0,1.9,npp,2024-05-11,13:16:59,064963,VF375,UP,,,,3528044,,1,2024-05-11,POINT (84.54544830322266 25.79795074462891)
25.18845,76.07819,352.7,0.5,0.4,8.0,22.3,npp,2024-05-11,13:16:59,064963,VF375,RJ,,,,3528082,,1,2024-05-11,POINT (76.07819366455078 25.18844985961914)
25.00182,81.97663,345.2,0.4,0.4,8.0,3.1,npp,2024-05-11,13:16:59,064963,VF375,UP,,,,3528006,,1,2024-05-11,POINT (81.97663116455078 25.0018196105957)
25.32403,73.16624,352.8,0.5,0.5,8.0,15.0,npp,2024-05-11,13:16:59,064963,VF375,RJ,,,,3528141,,1,2024-05-11,POINT (73.16623687744141 25.32402992248535)
26.7249,82.94081,353.6,0.5,0.4,8.0,28.6,npp,2024-05-11,13:16:59,064963,VF375,UP,,,,3528123,,1,2024-05-11,POINT (82.94081115722656 26.72489929199219)
25.25808,75.97897,343.7,0.5,0.4,7.0,9.7,npp,2024-05-11,13:16:59,064963,VF375,RJ,,,,3528088,,1,2024-05-11,POINT (75.97897338867188 25.25807952880859)
27.13859,80.2448,333.1,0.4,0.4,7.0,1.4,npp,2024-05-11,13:16:59,064963,VF375,UP,,,,3528158,,1,2024-05-11,POINT (80.24479675292969 27.13858985900879)
25.00238,81.98068,338.3,0.4,0.4,8.0,3.1,npp,2024-05-11,13:16:59,064963,VF375,UP,,,,3528005,,1,2024-05-11,POINT (81.98068237304688 25.00238037109375)
25.68152,84.26739,343.1,0.5,0.4,8.0,6.7,npp,2024-05-11,13:16:59,064963,VF375,UP,,,,3528037,,1,2024-05-11,POINT (84.26738739013672 25.68152046203613)
24.68707,76.91765,344.6,0.4,0.4,7.0,9.3,npp,2024-05-11,13:16:59,064963,VF375,RJ,,,,3528043,,1,2024-05-11,POINT (76.91764831542969 24.68707084655762)
24.86023,76.35981,342.0,0.5,0.4,7.0,8.6,npp,2024-05-11,13:16:59,064963,VF375,RJ,,,,3528058,,1,2024-05-11,POINT (76.35980987548828 24.8602294921875)
26.25573,81.65578,340.1,0.4,0.4,8.0,2.7,npp,2024-05-11,13:16:59,064963,VF375,UP,,,,3528098,,1,2024-05-11,POINT (81.65577697753906 26.25572967529297)
26.36299,81.07814,343.7,0.4,0.4,8.0,5.3,npp,2024-05-11,13:16:59,064963,VF375,UP,,,,3528119,,1,2024-05-11,POINT (81.07814025878906 26.36298942565918)
25.85675,80.75188,343.9,0.4,0.4,8.0,5.7,npp,2024-05-11,13:16:59,064963,VF375,UP,,,,3528074,,1,2024-05-11,POINT (80.75187683105469 25.85675048828125)
25.50525,76.50336,344.6,0.5,0.4,7.0,10.7,npp,2024-05-11,13:16:59,064963,VF375,RJ,,,,3528103,,1,2024-05-11,POINT (76.50335693359375 25.50525093078613)
23.84823,74.15014,338.9,0.4,0.5,7.0,6.0,npp,2024-05-11,13:16:59,064963,VF375,RJ,,,,3528022,,1,2024-05-11,POINT (74.15013885498047 23.84823036193848)
24.78272,76.25843,347.1,0.5,0.4,8.0,8.9,npp,2024-05-11,13:16:59,064963,VF375,RJ,,,,3528053,,1,2024-05-11,POINT (76.25843048095703 24.7827205657959)
25.98317,83.88012,333.1,0.5,0.4,8.0,3.9,npp,2024-05-11,13:16:59,064963,VF375,UP,,,,3528057,,1,2024-05-11,POINT (83.88011932373047 25.98316955566406)
25.11373,81.65434,335.2,0.4,0.4,8.0,2.3,npp,2024-05-11,13:16:59,064963,VF375,UP,,,,3528021,,1,2024-05-11,POINT (81.65434265136719 25.11372947692871)
25.53078,83.6676,341.3,0.5,0.4,8.0,6.6,npp,2024-05-11,13:16:59,064963,VF375,UP,,,,3528029,,1,2024-05-11,POINT (83.6676025390625 25.53078079223633)
25.25491,76.38324,345.6,0.5,0.4,7.0,14.9,npp,2024-05-11,13:16:59,064963,VF375,RJ,,,,3528083,,1,2024-05-11,POINT (76.38323974609375 25.25490951538086)
25.20285,81.72107,340.5,0.4,0.4,8.0,5.7,npp,2024-05-11,13:16:59,064963,VF375,UP,,,,3528027,,1,2024-05-11,POINT (81.7210693359375 25.20285034179688)
25.3623,82.24575,343.5,0.4,0.4,8.0,3.8,npp,2024-05-11,13:16:59,064963,VF375,UP,,,,3528032,,1,2024-05-11,POINT (82.24575042724609 25.36230087280273)
25.61192,83.84989,331.9,0.5,0.4,8.0,4.0,npp,2024-05-11,13:16:59,064963,VF375,UP,,,,3528036,,1,2024-05-11,POINT (83.84989166259766 25.61191940307617)
25.26922,81.10477,341.1,0.4,0.4,8.0,6.5,npp,2024-05-11,13:16:59,064963,VF375,UP,,,,3528038,,1,2024-05-11,POINT (81.10476684570312 25.26922035217285)
25.85342,80.75248,349.7,0.4,0.4,8.0,4.1,npp,2024-05-11,13:16:59,064963,VF375,UP,,,,3528072,,1,2024-05-11,POINT (80.75247955322266 25.85342025756836)
28.50208,77.40045,339.3,0.4,0.4,8.0,5.4,npp,2024-05-11,13:16:59,064963,VF375,UP,,,,3528166,,1,2024-05-11,POINT (77.40045166015625 28.5020809173584)
24.70627,83.33426,347.4,0.5,0.4,8.0,11.4,npp,2024-05-11,13:16:59,064963,VF375,UP,,,,3527945,,1,2024-05-11,POINT (83.33425903320312 24.70627021789551)
25.06822,82.03232,335.8,0.4,0.4,8.0,2.8,npp,2024-05-11,13:16:59,064963,VF375,UP,,,,3528012,,1,2024-05-11,POINT (82.03231811523438 25.0682201385498)
25.85398,80.75636,349.0,0.4,0.4,8.0,10.4,npp,2024-05-11,13:16:59,064963,VF375,UP,,,,3528071,,1,2024-05-11,POINT (80.75636291503906 25.85397911071777)
26.08907,80.01116,343.3,0.4,0.4,8.0,7.6,npp,2024-05-11,13:16:59,064963,VF375,UP,,,,3528106,,1,2024-05-11,POINT (80.01116180419922 26.08906936645508)
26.61738,83.23186,343.2,0.5,0.4,8.0,9.8,npp,2024-05-11,13:16:59,064963,VF375,UP,,,,3528116,,1,2024-05-11,POINT (83.23185729980469 26.61738014221191)
25.29895,73.15338,343.7,0.5,0.5,8.0,8.5,npp,2024-05-11,13:16:59,064963,VF375,RJ,,,,3528138,,1,2024-05-11,POINT (73.15338134765625 25.2989501953125)
26.8301,80.86324,334.1,0.4,0.4,8.0,2.7,npp,2024-05-11,13:16:59,064963,VF375,UP,,,,3528147,,1,2024-05-11,POINT (80.86324310302734 26.83009910583496)
25.80326,74.09801,337.0,0.4,0.5,7.0,3.0,npp,2024-05-11,13:16:59,064963,VF375,RJ,,,,3528154,,1,2024-05-11,POINT (74.09800720214844 25.80326080322266)
26.95054,80.27419,340.4,0.4,0.4,8.0,3.4,npp,2024-05-11,13:16:59,064963,VF375,UP,,,,3528155,,1,2024-05-11,POINT (80.27419281005859 26.95054054260254)
26.10995,83.60989,338.5,0.5,0.4,8.0,5.4,npp,2024-05-11,13:16:59,064963,VF375,UP,,,,3528065,,1,2024-05-11,POINT (83.60989379882812 26.10994911193848)
25.80013,80.82539,347.0,0.4,0.4,8.0,5.7,npp,2024-05-11,13:16:59,064963,VF375,UP,,,,3528068,,1,2024-05-11,POINT (80.82539367675781 25.80013084411621)
24.92727,74.06511,349.1,0.4,0.5,8.0,68.7,npp,2024-05-11,13:16:59,064963,VF375,RJ,,,,3528089,,1,2024-05-11,POINT (74.06510925292969 24.92727088928223)
25.28667,73.13739,340.9,0.5,0.5,7.0,5.2,npp,2024-05-11,13:16:59,064963,VF375,RJ,,,,3528137,,1,2024-05-11,POINT (73.13739013671875 25.28667068481445)
25.36173,82.24158,348.8,0.4,0.4,8.0,6.2,npp,2024-05-11,13:16:59,064963,VF375,UP,,,,3528033,,1,2024-05-11,POINT (82.2415771484375 25.36173057556152)
25.83047,81.0361,338.9,0.4,0.4,8.0,2.0,npp,2024-05-11,13:16:59,064963,VF375,UP,,,,3528067,,1,2024-05-11,POINT (81.03610229492188 25.83046913146973)
25.18594,76.07699,345.2,0.5,0.4,7.0,29.5,npp,2024-05-11,13:16:59,064963,VF375,RJ,,,,3528081,,1,2024-05-11,POINT (76.07698822021484 25.18593978881836)
25.23698,80.52862,315.9,0.5,0.4,8.0,1.4,npp,2024-05-11,02:06:59,064956,VF375,UP,,,,3527172,,1,2024-05-11,POINT (80.52861785888672 25.23698043823242)
27.7674,82.06025,305.2,0.5,0.4,8.0,1.3,npp,2024-05-11,02:06:59,064956,VF375,UP,,,,3527141,,1,2024-05-11,POINT (82.06024932861328 27.76740074157715)
27.90469,78.89573,308.5,0.4,0.4,8.0,1.0,npp,2024-05-11,02:06:59,064956,VF375,UP,,,,3527146,,1,2024-05-11,POINT (78.89572906494141 27.90468978881836)
26.27663,80.62167,309.9,0.5,0.4,8.0,1.2,npp,2024-05-11,02:06:59,064956,VF375,UP,,,,3527152,,1,2024-05-11,POINT (80.62167358398438 26.27663040161133)
26.24324,79.95191,325.7,0.4,0.4,8.0,2.6,npp,2024-05-11,02:06:59,064956,VF375,UP,,,,3527155,,1,2024-05-11,POINT (79.95191192626953 26.24324035644531)
26.23071,79.18163,315.4,0.4,0.4,8.0,2.9,npp,2024-05-11,02:06:59,064956,VF375,UP,,,,3527157,,1,2024-05-11,POINT (79.18163299560547 26.23070907592773)
24.66112,74.63532,312.6,0.4,0.4,8.0,1.4,npp,2024-05-11,02:06:59,064956,VF375,RJ,,,,3527251,,1,2024-05-11,POINT (74.63532257080078 24.66111946105957)
24.66169,74.63129,309.8,0.4,0.4,8.0,1.4,npp,2024-05-11,02:06:59,064956,VF375,RJ,,,,3527250,,1,2024-05-11,POINT (74.63128662109375 24.66168975830078)
25.65843,83.92996,311.6,0.5,0.5,8.0,2.1,npp,2024-05-11,02:06:59,064956,VF375,UP,,,,3527151,,1,2024-05-11,POINT (83.92996215820312 25.6584300994873)
26.75747,83.20081,307.1,0.4,0.5,8.0,1.7,npp,2024-05-11,02:06:59,064956,VF375,UP,,,,3527147,,1,2024-05-11,POINT (83.20081329345703 26.75746917724609)
25.98597,81.06294,305.5,0.5,0.4,8.0,0.8,npp,2024-05-11,02:06:59,064956,VF375,UP,,,,3527156,,1,2024-05-11,POINT (81.06294250488281 25.98596954345703)
26.87852,73.51479,305.8,0.5,0.4,8.0,1.7,npp,2024-05-11,02:06:59,064956,VF375,RJ,,,,3527160,,1,2024-05-11,POINT (73.51479339599609 26.87851905822754)
27.87011,80.31963,305.3,0.4,0.4,8.0,0.8,npp,2024-05-11,02:06:59,064956,VF375,UP,,,,3527142,,1,2024-05-11,POINT (80.31963348388672 27.87010955810547)
26.87488,73.51418,306.3,0.5,0.4,8.0,2.6,npp,2024-05-11,02:06:59,064956,VF375,RJ,,,,3527161,,1,2024-05-11,POINT (73.51418304443359 26.87487983703613)
25.43933,79.46995,315.5,0.4,0.4,8.0,3.3,npp,2024-05-11,02:06:59,064956,VF375,UP,,,,3527170,,1,2024-05-11,POINT (79.46994781494141 25.43932914733887)
26.27303,80.62086,312.7,0.5,0.4,8.0,1.2,npp,2024-05-11,02:06:59,064956,VF375,UP,,,,3527153,,1,2024-05-11,POINT (80.62085723876953 26.27302932739258)
27.87004,80.32113,307.8,0.4,0.4,8.0,0.9,npp,2024-05-11,02:06:59,064956,VF375,UP,,,,3527143,,1,2024-05-11,POINT (80.32112884521484 27.87004089355469)
24.76302,74.60737,307.2,0.4,0.4,8.0,1.1,npp,2024-05-11,02:06:59,064956,VF375,RJ,,,,3527244,,1,2024-05-11,POINT (74.60736846923828 24.76301956176758)
25.72055,80.64107,305.5,0.5,0.4,8.0,1.3,npp,2024-05-11,02:06:59,064956,VF375,UP,,,,3527162,,1,2024-05-11,POINT (80.64106750488281 25.72055053710938)
25.11963,81.66348,306.9,0.5,0.4,8.0,0.5,npp,2024-05-11,02:06:59,064956,VF375,UP,,,,3527169,,1,2024-05-11,POINT (81.66348266601562 25.11963081359863)
27.90804,78.89644,303.2,0.4,0.4,8.0,1.0,npp,2024-05-11,02:06:59,064956,VF375,UP,,,,3527145,,1,2024-05-11,POINT (78.89643859863281 27.90803909301758)
26.27219,80.6255,305.8,0.5,0.4,8.0,1.2,npp,2024-05-11,02:06:59,064956,VF375,UP,,,,3527154,,1,2024-05-11,POINT (80.62550354003906 26.27219009399414)
29.63265,73.92329,323.0,0.5,0.4,8.0,5.4,npp,2024-05-11,02:06:59,064956,VF375,RJ,,,,3527136,,1,2024-05-11,POINT (73.92328643798828 29.63265037536621)
28.54985,80.58173,309.5,0.4,0.4,8.0,2.6,npp,2024-05-11,02:06:59,064956,VF375,UP,,,,3527137,,1,2024-05-11,POINT (80.58173370361328 28.54985046386719)
26.56466,82.94247,303.5,0.4,0.5,8.0,0.4,npp,2024-05-11,02:06:59,064956,VF375,UP,,,,3527148,,1,2024-05-11,POINT (82.94246673583984 26.56465911865234)
26.6427,79.47939,317.2,0.4,0.4,8.0,1.5,npp,2024-05-11,02:06:59,064956,VF375,UP,,,,3527150,,1,2024-05-11,POINT (79.47939300537109 26.6427001953125)
25.63935,79.65203,313.2,0.4,0.4,8.0,4.9,npp,2024-05-11,02:06:59,064956,VF375,UP,,,,3527167,,1,2024-05-11,POINT (79.65203094482422 25.63935089111328)
26.66505,80.00988,306.4,0.4,0.4,8.0,0.8,npp,2024-05-11,02:06:59,064956,VF375,UP,,,,3527149,,1,2024-05-11,POINT (80.00988006591797 26.6650505065918)
26.14466,79.23268,309.0,0.4,0.4,8.0,1.9,npp,2024-05-11,02:06:59,064956,VF375,UP,,,,3527158,,1,2024-05-11,POINT (79.23268127441406 26.14466094970703)
25.60172,79.63947,315.9,0.4,0.4,8.0,5.0,npp,2024-05-11,02:06:59,064956,VF375,UP,,,,3527168,,1,2024-05-11,POINT (79.63947296142578 25.60172080993652)
25.43858,79.4742,319.6,0.4,0.4,8.0,3.3,npp,2024-05-11,02:06:59,064956,VF375,UP,,,,3527171,,1,2024-05-11,POINT (79.47419738769531 25.43857955932617)
31.69889,74.67058,346.4,0.5,0.4,7.0,13.6,npp,2024-05-11,13:16:59,064963,VF375,PB,,,,3528234,1.0,1,2024-05-11,POINT (74.67057800292969 31.69889068603516)
31.70082,74.66842,353.3,0.5,0.4,8.0,17.5,npp,2024-05-11,13:16:59,064963,VF375,PB,,,,3528233,1.0,1,2024-05-11,POINT (74.66841888427734 31.70082092285156)
30.2474,76.63277,357.1,0.4,0.4,8.0,30.8,npp,2024-05-11,13:16:59,064963,VF375,HR,,,,3528189,1.0,1,2024-05-11,POINT (76.63276672363281 30.24740028381348)
30.16323,76.55034,352.8,0.4,0.4,7.0,41.7,npp,2024-05-11,13:16:59,064963,VF375,PB,,,,3528185,1.0,1,2024-05-11,POINT (76.55033874511719 30.16323089599609)
30.14361,75.98045,348.9,0.4,0.4,8.0,9.3,npp,2024-05-11,13:16:59,064963,VF375,PB,,,,3528190,1.0,1,2024-05-11,POINT (75.98045349121094 30.14361000061035)
29.02511,76.27424,344.3,0.4,0.4,7.0,5.5,npp,2024-05-11,13:16:59,064963,VF375,HR,,,,3528171,1.0,1,2024-05-11,POINT (76.27423858642578 29.02511024475098)
28.7384,76.93277,309.5,0.4,0.4,8.0,0.9,npp,2024-05-11,02:06:59,064956,VF375,HR,,,,3527131,1.0,1,2024-05-11,POINT (76.93276977539062 28.73839950561523)
28.70036,76.64008,309.9,0.4,0.4,8.0,0.6,npp,2024-05-11,02:06:59,064956,VF375,HR,,,,3527140,1.0,1,2024-05-11,POINT (76.64008331298828 28.70035934448242)
30.77308,76.1105,349.6,0.4,0.4,7.0,20.6,npp,2024-05-11,13:16:59,064963,VF375,PB,,,,3528221,1.0,1,2024-05-11,POINT (76.11049652099609 30.77308082580566)
30.18407,75.87704,337.7,0.4,0.4,7.0,5.7,npp,2024-05-11,13:16:59,064963,VF375,PB,,,,3528196,1.0,1,2024-05-11,POINT (75.87703704833984 30.1840705871582)
30.17638,75.87421,357.1,0.4,0.4,8.0,26.8,npp,2024-05-11,13:16:59,064963,VF375,PB,,,,3528195,1.0,1,2024-05-11,POINT (75.87420654296875 30.1763801574707)
30.1478,75.75448,338.8,0.4,0.4,7.0,1.0,npp,2024-05-11,13:16:59,064963,VF375,PB,,,,3528194,1.0,1,2024-05-11,POINT (75.75447845458984 30.14780044555664)
30.33835,75.80605,342.0,0.4,0.4,7.0,5.7,npp,2024-05-11,13:16:59,064963,VF375,PB,,,,3528209,1.0,1,2024-05-11,POINT (75.80605316162109 30.33835029602051)
30.47833,75.82063,339.9,0.4,0.4,7.0,5.1,npp,2024-05-11,13:16:59,064963,VF375,PB,,,,3528217,1.0,1,2024-05-11,POINT (75.82063293457031 30.47833061218262)
28.93368,76.37462,337.9,0.4,0.4,7.0,4.5,npp,2024-05-11,13:16:59,064963,VF375,HR,,,,3528170,1.0,1,2024-05-11,POINT (76.37461853027344 28.93367958068848)
29.96412,75.61835,338.8,0.4,0.4,7.0,5.5,npp,2024-05-11,13:16:59,064963,VF375,PB,,,,3528182,1.0,1,2024-05-11,POINT (75.61834716796875 29.96412086486816)
30.00896,75.68758,339.4,0.4,0.4,7.0,4.5,npp,2024-05-11,13:16:59,064963,VF375,PB,,,,3528184,1.0,1,2024-05-11,POINT (75.68757629394531 30.00896072387695)
30.05008,75.65141,334.8,0.4,0.4,7.0,4.1,npp,2024-05-11,13:16:59,064963,VF375,PB,,,,3528186,1.0,1,2024-05-11,POINT (75.65141296386719 30.05007934570312)
30.807,75.97676,354.4,0.4,0.4,7.0,6.4,npp,2024-05-11,13:16:59,064963,VF375,PB,,,,3528223,1.0,1,2024-05-11,POINT (75.97676086425781 30.80699920654297)
30.37675,75.82016,344.5,0.4,0.4,8.0,8.1,npp,2024-05-11,13:16:59,064963,VF375,PB,,,,3528213,1.0,1,2024-05-11,POINT (75.82015991210938 30.37675094604492)
30.32246,75.98339,353.8,0.4,0.4,8.0,15.7,npp,2024-05-11,13:16:59,064963,VF375,PB,,,,3528200,1.0,1,2024-05-11,POINT (75.98339080810547 30.32246017456055)
29.88704,74.62534,342.7,0.5,0.4,8.0,7.9,npp,2024-05-11,13:16:59,064963,VF375,HR,,,,3528188,1.0,1,2024-05-11,POINT (74.62534332275391 29.88703918457031)
30.12595,74.63463,339.7,0.5,0.4,7.0,4.3,npp,2024-05-11,13:16:59,064963,VF375,PB,,,,3528207,1.0,1,2024-05-11,POINT (74.63462829589844 30.12594985961914)
30.03649,74.59732,340.9,0.5,0.4,8.0,5.0,npp,2024-05-11,13:16:59,064963,VF375,PB,,,,3528199,1.0,1,2024-05-11,POINT (74.59732055664062 30.03648948669434)
30.34621,75.95522,352.7,0.4,0.4,8.0,7.9,npp,2024-05-11,13:16:59,064963,VF375,PB,,,,3528203,1.0,1,2024-05-11,POINT (75.95522308349609 30.34621047973633)
30.81201,74.55972,331.1,0.5,0.4,7.0,2.3,npp,2024-05-11,13:16:59,064963,VF375,PB,,,,3528228,1.0,1,2024-05-11,POINT (74.55972290039062 30.81200981140137)
30.3489,75.95006,353.4,0.4,0.4,8.0,9.7,npp,2024-05-11,13:16:59,064963,VF375,PB,,,,3528205,1.0,1,2024-05-11,POINT (75.95005798339844 30.34889984130859)
30.34966,75.95444,347.6,0.4,0.4,8.0,7.9,npp,2024-05-11,13:16:59,064963,VF375,PB,,,,3528204,1.0,1,2024-05-11,POINT (75.95443725585938 30.34966087341309)
29.9729,75.97727,338.1,0.4,0.4,7.0,4.6,npp,2024-05-11,13:16:59,064963,VF375,PB,,,,3528178,1.0,1,2024-05-11,POINT (75.97727203369141 29.972900390625)
32.01035,75.08413,345.2,0.4,0.4,7.0,10.3,npp,2024-05-11,13:16:59,064963,VF375,PB,,,,3528237,1.0,1,2024-05-11,POINT (75.08412933349609 32.01034927368164)
30.32872,75.7298,344.1,0.4,0.4,8.0,4.1,npp,2024-05-11,13:16:59,064963,VF375,PB,,,,3528210,1.0,1,2024-05-11,POINT (75.72979736328125 30.32872009277344)
30.50393,74.70518,336.6,0.5,0.4,7.0,5.5,npp,2024-05-11,13:16:59,064963,VF375,PB,,,,3528219,1.0,1,2024-05-11,POINT (74.70517730712891 30.50392913818359)
30.08112,76.48093,352.1,0.4,0.4,7.0,11.8,npp,2024-05-11,13:16:59,064963,VF375,HR,,,,3528179,1.0,1,2024-05-11,POINT (76.48092651367188 30.08111953735352)
28.88115,76.21481,367.0,0.4,0.4,9.0,11.3,npp,2024-05-11,13:16:59,064963,VF375,HR,,,,3528169,1.0,1,2024-05-11,POINT (76.21481323242188 28.88114929199219)
30.27675,76.68274,347.8,0.4,0.4,7.0,31.0,npp,2024-05-11,13:16:59,064963,VF375,HR,,,,3528192,1.0,1,2024-05-11,POINT (76.6827392578125 30.2767505645752)
30.27745,76.68692,349.8,0.4,0.4,7.0,20.0,npp,2024-05-11,13:16:59,064963,VF375,HR,,,,3528191,1.0,1,2024-05-11,POINT (76.68692016601562 30.27745056152344)
30.27943,76.6778,340.6,0.4,0.4,7.0,4.0,npp,2024-05-11,13:16:59,064963,VF375,HR,,,,3528193,1.0,1,2024-05-11,POINT (76.67780303955078 30.2794303894043)
30.04959,75.62811,335.0,0.4,0.4,7.0,3.7,npp,2024-05-11,13:16:59,064963,VF375,PB,,,,3528187,1.0,1,2024-05-11,POINT (75.62811279296875 30.04958915710449)
30.2599,74.95748,349.3,0.5,0.4,8.0,12.0,npp,2024-05-11,13:16:59,064963,VF375,PB,,,,3528215,1.0,1,2024-05-11,POINT (74.95748138427734 30.2598991394043)
30.1833,75.87263,344.1,0.4,0.4,7.0,5.7,npp,2024-05-11,13:16:59,064963,VF375,PB,,,,3528197,1.0,1,2024-05-11,POINT (75.87262725830078 30.18330001831055)
31.20956,74.55022,332.8,0.5,0.4,7.0,3.4,npp,2024-05-11,13:16:59,064963,VF375,PB,,,,3528230,1.0,1,2024-05-11,POINT (74.55021667480469 31.20956039428711)
30.83401,76.11446,340.6,0.4,0.4,7.0,6.8,npp,2024-05-11,13:16:59,064963,VF375,PB,,,,3528224,1.0,1,2024-05-11,POINT (76.11446380615234 30.83400917053223)
30.1169,74.60597,336.9,0.5,0.4,7.0,3.7,npp,2024-05-11,13:16:59,064963,VF375,PB,,,,3528206,1.0,1,2024-05-11,POINT (74.60597229003906 30.11689949035645)
32.00687,75.08498,347.5,0.4,0.4,8.0,36.7,npp,2024-05-11,13:16:59,064963,VF375,PB,,,,3528235,1.0,1,2024-05-11,POINT (75.08497619628906 32.00687026977539)
32.01117,75.08869,353.3,0.4,0.4,8.0,10.3,npp,2024-05-11,13:16:59,064963,VF375,PB,,,,3528236,1.0,1,2024-05-11,POINT (75.08869171142578 32.01116943359375)
31.02318,76.05049,341.0,0.4,0.4,7.0,4.8,npp,2024-05-11,13:16:59,064963,VF375,PB,,,,3528227,1.0,1,2024-05-11,POINT (76.05049133300781 31.02318000793457)
29.92637,76.19055,341.3,0.4,0.4,7.0,5.3,npp,2024-05-11,13:16:59,064963,VF375,HR,,,,3528176,1.0,1,2024-05-11,POINT (76.1905517578125 29.92637062072754)
30.77382,76.11481,349.5,0.4,0.4,7.0,25.6,npp,2024-05-11,13:16:59,064963,VF375,PB,,,,3528220,1.0,1,2024-05-11,POINT (76.11480712890625 30.7738208770752)
29.75706,77.10181,339.2,0.4,0.4,7.0,4.7,npp,2024-05-11,13:16:59,064963,VF375,HR,,,,3528173,1.0,1,2024-05-11,POINT (77.101806640625 29.75705909729004)
31.3775,76.02747,306.0,0.4,0.4,8.0,0.6,npp,2024-05-11,02:06:59,064956,VF375,PB,,,,3527132,1.0,1,2024-05-11,POINT (76.02747344970703 31.37750053405762)
30.08228,74.5834,339.7,0.5,0.4,8.0,3.8,npp,2024-05-11,13:16:59,064963,VF375,PB,,,,3528202,1.0,1,2024-05-11,POINT (74.58339691162109 30.08227920532227)
30.16246,74.63287,339.8,0.5,0.4,7.0,6.1,npp,2024-05-11,13:16:59,064963,VF375,PB,,,,3528214,1.0,1,2024-05-11,POINT (74.63287353515625 30.16246032714844)
30.16408,74.63564,337.9,0.5,0.4,7.0,6.2,npp,2024-05-11,13:16:59,064963,VF375,PB,,,,3528212,1.0,1,2024-05-11,POINT (74.63564300537109 30.1640796661377)
30.52535,76.09591,343.0,0.4,0.4,7.0,6.2,npp,2024-05-11,13:16:59,064963,VF375,PB,,,,3528216,1.0,1,2024-05-11,POINT (76.09590911865234 30.52535057067871)
31.73031,74.97929,352.4,0.4,0.4,8.0,19.1,npp,2024-05-11,13:16:59,064963,VF375,PB,,,,3528232,1.0,1,2024-05-11,POINT (74.97928619384766 31.73031044006348)
30.30431,76.18024,341.5,0.4,0.4,7.0,6.2,npp,2024-05-11,13:16:59,064963,VF375,PB,,,,3528198,1.0,1,2024-05-11,POINT (76.18023681640625 30.3043098449707)
30.69018,75.95268,346.3,0.4,0.4,7.0,14.4,npp,2024-05-11,13:16:59,064963,VF375,PB,,,,3528218,1.0,1,2024-05-11,POINT (75.95268249511719 30.6901798248291)
30.10871,74.5407,341.4,0.5,0.4,7.0,13.7,npp,2024-05-11,13:16:59,064963,VF375,PB,,,,3528208,1.0,1,2024-05-11,POINT (74.54070281982422 30.10870933532715)
30.08778,74.63362,336.1,0.5,0.4,7.0,3.5,npp,2024-05-11,13:16:59,064963,VF375,PB,,,,3528201,1.0,1,2024-05-11,POINT (74.63362121582031 30.0877799987793)
30.81042,75.97598,340.6,0.4,0.4,7.0,6.4,npp,2024-05-11,13:16:59,064963,VF375,PB,,,,3528225,1.0,1,2024-05-11,POINT (75.97598266601562 30.8104190826416)
30.80432,75.9819,348.4,0.4,0.4,7.0,11.7,npp,2024-05-11,13:16:59,064963,VF375,PB,,,,3528222,1.0,1,2024-05-11,POINT (75.98190307617188 30.80431938171387)
30.16767,76.74513,350.1,0.4,0.4,7.0,15.7,npp,2024-05-11,13:16:59,064963,VF375,HR,,,,3528183,1.0,1,2024-05-11,POINT (76.74513244628906 30.16766929626465)
30.76211,74.29277,342.3,0.5,0.4,8.0,4.4,npp,2024-05-11,13:16:59,064963,VF375,PB,,,,3528229,1.0,1,2024-05-11,POINT (74.29277038574219 30.76210975646973)
30.44507,76.30537,341.9,0.4,0.4,7.0,9.3,npp,2024-05-11,13:16:59,064963,VF375,PB,,,,3528211,1.0,1,2024-05-11,POINT (76.30536651611328 30.44507026672363)
30.08575,76.46669,367.0,0.4,0.4,9.0,11.0,npp,2024-05-11,13:16:59,064963,VF375,HR,,,,3528181,1.0,1,2024-05-11,POINT (76.46669006347656 30.08575057983398)
30.08236,76.46745,352.2,0.4,0.4,7.0,13.8,npp,2024-05-11,13:16:59,064963,VF375,HR,,,,3528180,1.0,1,2024-05-11,POINT (76.46745300292969 30.08235931396484)
29.94638,76.43098,341.4,0.4,0.4,7.0,5.4,npp,2024-05-11,13:16:59,064963,VF375,HR,,,,3528175,1.0,1,2024-05-11,POINT (76.43097686767578 29.94638061523438)
31.3368,74.65166,344.0,0.5,0.4,7.0,8.5,npp,2024-05-11,13:16:59,064963,VF375,PB,,,,3528231,1.0,1,2024-05-11,POINT (74.65165710449219 31.33679962158203)
28.34743,77.2307,310.0,0.4,0.4,8.0,0.7,npp,2024-05-11,02:06:59,064956,VF375,HR,,,,3527144,1.0,1,2024-05-11,POINT (77.23069763183594 28.3474292755127)
